tensor([[3.56225e+02, 1.46881e+02, 8.79174e+02, 7.07740e+02, 8.15368e-01, 0.00000e+00],
        [4.96700e+00, 3.52254e+02, 3.49102e+02, 7.05642e+02, 3.43886e-01, 0.00000e+00],
        [4.52357e+02, 2.87118e+02, 7.85910e+02, 3.79019e+02, 3.34729e-01, 4.60000e+01]])
tensor([[3.56634e+02, 1.33953e+02, 8.85119e+02, 7.09269e+02, 8.51962e-01, 0.00000e+00],
        [2.25078e+00, 3.03066e+02, 3.55979e+02, 7.09796e+02, 3.73790e-01, 0.00000e+00]])
tensor([[3.56134e+02, 1.38204e+02, 8.93097e+02, 7.08274e+02, 8.61624e-01, 0.00000e+00],
        [2.23395e+00, 3.12316e+02, 3.55894e+02, 7.10953e+02, 3.15885e-01, 0.00000e+00]])
tensor([[3.56511e+02, 1.37660e+02, 8.92699e+02, 7.07611e+02, 8.56520e-01, 0.00000e+00],
        [4.44463e+00, 3.52403e+02, 3.49691e+02, 7.05576e+02, 2.93235e-01, 0.00000e+00]])
tensor([[3.56162e+02, 1.42382e+02, 8.89407e+02, 7.07804e+02, 8.32441e-01, 0.00000e+00],
        [1.95581e+00, 3.11804e+02, 3.55464e+02, 7.10442e+02, 3.14563e-01, 0.00000e+00],
        [4.45255e+02, 2.92445e+02, 8.43258e+02, 3.86471e+02, 2.58471e-01, 4.60000e+01]])
tensor([[3.56953e+02, 1.37786e+02, 8.93976e+02, 7.07986e+02, 8.41731e-01, 0.00000e+00],
        [2.32845e+00, 3.00892e+02, 3.55587e+02, 7.09811e+02, 3.21802e-01, 0.00000e+00]])
tensor([[3.56594e+02, 1.38272e+02, 8.92407e+02, 7.08247e+02, 8.42717e-01, 0.00000e+00],
        [2.49332e+00, 3.01829e+02, 3.56213e+02, 7.09734e+02, 3.18443e-01, 0.00000e+00]])
tensor([[3.56712e+02, 1.37465e+02, 8.87932e+02, 7.08456e+02, 8.56666e-01, 0.00000e+00],
        [9.20983e+02, 2.41997e+02, 1.22877e+03, 6.78479e+02, 2.99906e-01, 0.00000e+00],
        [2.41106e+00, 3.00849e+02, 3.56712e+02, 7.09670e+02, 2.75087e-01, 0.00000e+00]])
tensor([[3.56661e+02, 1.37583e+02, 8.84904e+02, 7.09218e+02, 8.58938e-01, 0.00000e+00],
        [2.38701e+00, 2.97867e+02, 3.57456e+02, 7.05586e+02, 3.26198e-01, 0.00000e+00],
        [9.20898e+02, 2.39267e+02, 1.23200e+03, 6.79388e+02, 2.70268e-01, 0.00000e+00]])
tensor([[3.56166e+02, 1.32688e+02, 8.82243e+02, 7.10243e+02, 8.66453e-01, 0.00000e+00],
        [2.51190e+00, 3.02211e+02, 3.56821e+02, 7.10162e+02, 3.31010e-01, 0.00000e+00]])