tensor([[5.12701e+02, 4.76494e+01, 5.53691e+02, 1.47617e+02, 7.56790e-01, 0.00000e+00],
        [5.88070e+01, 9.59470e+01, 1.61694e+02, 2.57122e+02, 6.77456e-01, 0.00000e+00],
        [2.62854e+01, 1.23332e+02, 1.50613e+02, 3.42472e+02, 3.45864e-01, 0.00000e+00],
        [5.41639e+02, 2.31582e+02, 6.30800e+02, 3.35393e+02, 2.59318e-01, 2.80000e+01]])
tensor([[5.09975e+02, 4.57437e+01, 5.53190e+02, 1.48386e+02, 7.51614e-01, 0.00000e+00],
        [5.70512e+01, 9.62568e+01, 1.62208e+02, 2.57549e+02, 6.91011e-01, 0.00000e+00],
        [2.63505e+01, 1.33158e+02, 1.86232e+02, 3.40045e+02, 3.87662e-01, 0.00000e+00],
        [5.41800e+02, 2.31750e+02, 6.32341e+02, 3.35034e+02, 2.55055e-01, 2.80000e+01]])
tensor([[5.08703e+02, 4.63898e+01, 5.52564e+02, 1.48295e+02, 7.53316e-01, 0.00000e+00],
        [5.78108e+01, 9.66307e+01, 1.62235e+02, 2.57806e+02, 7.08608e-01, 0.00000e+00],
        [2.55386e+01, 1.35313e+02, 1.82110e+02, 3.39744e+02, 3.90616e-01, 0.00000e+00],
        [5.41578e+02, 2.31703e+02, 6.31182e+02, 3.34748e+02, 2.52192e-01, 2.80000e+01]])
tensor([[5.89149e+01, 9.66129e+01, 1.62115e+02, 2.57160e+02, 6.94530e-01, 0.00000e+00],
        [5.10754e+02, 4.86726e+01, 5.51768e+02, 1.47530e+02, 4.70146e-01, 0.00000e+00],
        [2.57076e+01, 1.33222e+02, 1.88531e+02, 3.40613e+02, 3.82838e-01, 0.00000e+00]])
tensor([[5.57734e+01, 9.82448e+01, 1.62158e+02, 2.56832e+02, 7.06511e-01, 0.00000e+00],
        [5.10430e+02, 4.78979e+01, 5.50195e+02, 1.47706e+02, 4.51498e-01, 0.00000e+00],
        [2.64104e+01, 1.31625e+02, 1.83989e+02, 3.40460e+02, 3.16496e-01, 0.00000e+00]])
tensor([[5.69777e+01, 9.82052e+01, 1.62131e+02, 2.57124e+02, 7.06309e-01, 0.00000e+00],
        [5.10363e+02, 4.81853e+01, 5.49649e+02, 1.47435e+02, 5.00508e-01, 0.00000e+00],
        [2.62011e+01, 1.31829e+02, 1.82809e+02, 3.40454e+02, 3.43109e-01, 0.00000e+00]])
tensor([[5.70359e+01, 9.81667e+01, 1.62043e+02, 2.56815e+02, 7.11069e-01, 0.00000e+00],
        [5.10411e+02, 4.79696e+01, 5.50167e+02, 1.47677e+02, 4.86152e-01, 0.00000e+00],
        [2.61036e+01, 1.31793e+02, 1.83317e+02, 3.40489e+02, 3.60976e-01, 0.00000e+00]])
tensor([[5.46383e+01, 9.99710e+01, 1.60862e+02, 2.55044e+02, 7.55957e-01, 0.00000e+00],
        [5.06342e+02, 4.45882e+01, 5.50676e+02, 1.49302e+02, 6.03925e-01, 0.00000e+00],
        [2.91240e+01, 1.24329e+02, 1.51214e+02, 3.42058e+02, 3.44953e-01, 0.00000e+00]])
tensor([[5.54023e+01, 9.98508e+01, 1.61070e+02, 2.55315e+02, 7.58446e-01, 0.00000e+00],
        [5.06074e+02, 4.38657e+01, 5.51108e+02, 1.49507e+02, 5.77254e-01, 0.00000e+00],
        [2.93547e+01, 1.27248e+02, 1.53127e+02, 3.41967e+02, 4.58786e-01, 0.00000e+00]])
tensor([[5.47230e+01, 1.00075e+02, 1.62536e+02, 2.57100e+02, 7.57545e-01, 0.00000e+00],
        [5.09551e+02, 4.70213e+01, 5.49118e+02, 1.52939e+02, 6.07719e-01, 0.00000e+00],
        [2.28895e+01, 1.32457e+02, 1.79164e+02, 3.40756e+02, 4.08232e-01, 0.00000e+00]])