tensor([[7.14655e+02, 7.74206e+01, 1.10915e+03, 7.07185e+02, 9.42575e-01, 0.00000e+00],
        [7.41880e+02, 3.77870e+02, 7.79950e+02, 4.14044e+02, 5.41792e-01, 3.20000e+01],
        [3.56068e+02, 4.07147e+02, 7.25243e+02, 7.20000e+02, 3.33991e-01, 5.60000e+01]])
tensor([[7.09838e+02, 7.69367e+01, 1.10979e+03, 7.08084e+02, 9.43527e-01, 0.00000e+00],
        [7.43638e+02, 3.78209e+02, 7.79722e+02, 4.13840e+02, 5.82820e-01, 3.20000e+01],
        [3.54893e+02, 4.07227e+02, 7.26784e+02, 7.20000e+02, 3.37966e-01, 5.60000e+01]])
tensor([[7.15637e+02, 8.00154e+01, 1.10890e+03, 7.07590e+02, 9.48509e-01, 0.00000e+00],
        [3.59901e+02, 4.14477e+02, 7.43739e+02, 7.14545e+02, 6.56763e-01, 5.60000e+01],
        [7.45320e+02, 3.79459e+02, 7.81630e+02, 4.15146e+02, 4.80886e-01, 3.20000e+01]])
tensor([[7.15773e+02, 8.02005e+01, 1.10892e+03, 7.07566e+02, 9.48588e-01, 0.00000e+00],
        [3.60286e+02, 4.14570e+02, 7.44742e+02, 7.14518e+02, 6.57626e-01, 5.60000e+01],
        [7.45321e+02, 3.79481e+02, 7.81469e+02, 4.15160e+02, 4.72407e-01, 3.20000e+01]])
tensor([[7.15333e+02, 8.14177e+01, 1.10891e+03, 7.08010e+02, 9.48702e-01, 0.00000e+00],
        [3.60072e+02, 4.14736e+02, 7.44012e+02, 7.14326e+02, 6.44231e-01, 5.60000e+01],
        [7.45802e+02, 3.79770e+02, 7.81631e+02, 4.15313e+02, 4.60504e-01, 3.20000e+01]])
tensor([[7.18120e+02, 8.30509e+01, 1.10949e+03, 7.07488e+02, 9.47568e-01, 0.00000e+00],
        [7.48720e+02, 3.82948e+02, 7.82078e+02, 4.16420e+02, 5.19957e-01, 3.20000e+01],
        [3.57129e+02, 4.07650e+02, 7.25299e+02, 7.18491e+02, 3.22204e-01, 5.60000e+01],
        [3.57286e+02, 4.14113e+02, 7.44779e+02, 7.13307e+02, 2.92423e-01, 6.00000e+01]])
tensor([[7.18677e+02, 8.28567e+01, 1.10933e+03, 7.07518e+02, 9.47360e-01, 0.00000e+00],
        [7.48428e+02, 3.83069e+02, 7.82181e+02, 4.16631e+02, 5.44467e-01, 3.20000e+01],
        [3.51379e+02, 4.10631e+02, 7.32846e+02, 7.17222e+02, 3.21900e-01, 5.60000e+01],
        [3.56388e+02, 4.13911e+02, 7.45156e+02, 7.13432e+02, 2.89074e-01, 6.00000e+01]])
tensor([[7.33108e+02, 8.40956e+01, 1.10917e+03, 7.07452e+02, 9.53541e-01, 0.00000e+00],
        [7.48213e+02, 3.82675e+02, 7.82062e+02, 4.16336e+02, 4.47994e-01, 3.20000e+01],
        [3.53850e+02, 4.14397e+02, 7.33374e+02, 7.17797e+02, 4.41170e-01, 5.60000e+01],
        [7.18246e+02, 1.87709e+02, 8.02398e+02, 2.72776e+02, 4.05707e-01, 2.90000e+01],
        [3.58691e+02, 4.15960e+02, 7.43786e+02, 7.13580e+02, 3.53562e-01, 6.00000e+01],
        [6.71457e+02, 4.44199e+02, 7.22214e+02, 4.83266e+02, 2.99224e-01, 4.10000e+01]])
tensor([[7.32669e+02, 8.42144e+01, 1.10906e+03, 7.08157e+02, 9.53544e-01, 0.00000e+00],
        [7.48183e+02, 3.82581e+02, 7.81831e+02, 4.16342e+02, 4.57375e-01, 3.20000e+01],
        [3.53488e+02, 4.14073e+02, 7.34822e+02, 7.17900e+02, 4.38008e-01, 5.60000e+01],
        [7.18205e+02, 1.87738e+02, 8.02375e+02, 2.72755e+02, 3.62413e-01, 2.90000e+01],
        [3.58572e+02, 4.16217e+02, 7.43924e+02, 7.13636e+02, 3.47926e-01, 6.00000e+01],
        [6.71106e+02, 4.44653e+02, 7.22391e+02, 4.83563e+02, 3.09011e-01, 4.10000e+01]])
tensor([[7.33217e+02, 8.42835e+01, 1.10908e+03, 7.08284e+02, 9.53362e-01, 0.00000e+00],
        [7.48254e+02, 3.82627e+02, 7.81911e+02, 4.16282e+02, 4.61643e-01, 3.20000e+01],
        [3.54181e+02, 4.12990e+02, 7.34111e+02, 7.18230e+02, 4.32231e-01, 5.60000e+01],
        [7.18532e+02, 1.87970e+02, 8.02281e+02, 2.72734e+02, 3.53546e-01, 2.90000e+01],
        [6.71252e+02, 4.45061e+02, 7.22434e+02, 4.83758e+02, 3.29261e-01, 4.10000e+01],
        [3.58020e+02, 4.16146e+02, 7.45853e+02, 7.13378e+02, 3.09540e-01, 6.00000e+01]])