tensor([[2.05049e+02, 4.27550e+02, 6.84897e+02, 7.17312e+02, 8.54323e-01, 0.00000e+00],
        [2.54037e+02, 2.34104e+02, 4.48056e+02, 3.23152e+02, 6.75916e-01, 2.00000e+00],
        [1.07730e+03, 2.70722e+02, 1.27968e+03, 7.09638e+02, 6.40428e-01, 0.00000e+00],
        [7.88432e+02, 3.35393e+02, 9.96373e+02, 6.12673e+02, 3.75809e-01, 0.00000e+00],
        [2.31793e+01, 6.18397e+02, 5.71772e+01, 7.20000e+02, 3.25101e-01, 0.00000e+00],
        [5.63154e+02, 3.11169e+02, 6.13783e+02, 3.58325e+02, 2.97554e-01, 4.70000e+01]])
tensor([[2.05117e+02, 4.27702e+02, 6.83483e+02, 7.17295e+02, 8.50896e-01, 0.00000e+00],
        [2.54169e+02, 2.34051e+02, 4.48232e+02, 3.22847e+02, 6.71485e-01, 2.00000e+00],
        [1.07741e+03, 2.70426e+02, 1.27971e+03, 7.09779e+02, 6.54850e-01, 0.00000e+00],
        [7.87594e+02, 3.35320e+02, 9.96368e+02, 6.13128e+02, 3.90857e-01, 0.00000e+00],
        [2.29586e+01, 6.18096e+02, 5.71575e+01, 7.20000e+02, 3.05287e-01, 0.00000e+00],
        [5.63132e+02, 3.11140e+02, 6.13494e+02, 3.58183e+02, 3.02876e-01, 4.70000e+01]])
tensor([[2.05205e+02, 4.27351e+02, 6.85797e+02, 7.17235e+02, 8.60968e-01, 0.00000e+00],
        [2.53979e+02, 2.34381e+02, 4.48089e+02, 3.22485e+02, 6.77666e-01, 2.00000e+00],
        [1.07811e+03, 2.70454e+02, 1.27964e+03, 7.09318e+02, 6.67702e-01, 0.00000e+00],
        [7.87603e+02, 3.35185e+02, 9.96474e+02, 6.12346e+02, 3.75447e-01, 0.00000e+00],
        [2.29010e+01, 6.17790e+02, 5.70438e+01, 7.20000e+02, 3.13889e-01, 0.00000e+00],
        [5.62990e+02, 3.11055e+02, 6.13597e+02, 3.57914e+02, 2.87025e-01, 4.70000e+01]])
tensor([[1.93337e+02, 4.24214e+02, 6.75557e+02, 7.16791e+02, 8.49767e-01, 0.00000e+00],
        [1.07498e+03, 2.79220e+02, 1.27923e+03, 7.12719e+02, 6.59930e-01, 0.00000e+00],
        [2.37525e+02, 2.27952e+02, 4.36892e+02, 3.14925e+02, 5.72364e-01, 2.00000e+00],
        [7.80534e+02, 3.37279e+02, 9.85503e+02, 6.00006e+02, 3.74974e-01, 0.00000e+00],
        [5.56221e+02, 3.10367e+02, 6.05786e+02, 3.57605e+02, 3.20827e-01, 4.70000e+01]])
tensor([[1.83817e+02, 4.24717e+02, 6.36808e+02, 7.16418e+02, 7.49191e-01, 0.00000e+00],
        [1.07870e+03, 2.84303e+02, 1.27955e+03, 7.15466e+02, 7.11251e-01, 0.00000e+00],
        [2.27090e+02, 2.26851e+02, 4.28857e+02, 3.11663e+02, 5.03002e-01, 2.00000e+00],
        [7.57203e+02, 3.38458e+02, 9.80191e+02, 6.00088e+02, 4.11090e-01, 0.00000e+00],
        [5.49256e+02, 3.08890e+02, 5.99029e+02, 3.56466e+02, 3.08555e-01, 4.70000e+01]])
tensor([[1.79683e+02, 4.21566e+02, 6.68951e+02, 7.16211e+02, 8.07131e-01, 0.00000e+00],
        [1.08064e+03, 2.81648e+02, 1.27920e+03, 7.12118e+02, 6.70467e-01, 0.00000e+00],
        [2.19889e+02, 2.23296e+02, 4.20674e+02, 3.11335e+02, 4.99957e-01, 2.00000e+00],
        [7.86492e+02, 3.34918e+02, 9.74635e+02, 5.91498e+02, 2.97132e-01, 0.00000e+00],
        [5.42463e+02, 3.04466e+02, 5.92034e+02, 3.50379e+02, 2.87890e-01, 4.70000e+01]])
tensor([[1.76261e+02, 4.18573e+02, 6.76808e+02, 7.15622e+02, 8.27913e-01, 0.00000e+00],
        [1.08906e+03, 2.72733e+02, 1.27954e+03, 7.11797e+02, 5.84300e-01, 0.00000e+00],
        [2.11496e+02, 2.19585e+02, 4.14478e+02, 3.14254e+02, 3.59641e-01, 2.00000e+00],
        [5.34969e+02, 3.01113e+02, 5.87190e+02, 3.46825e+02, 2.69936e-01, 4.70000e+01]])
tensor([[1.72859e+02, 4.12828e+02, 6.78480e+02, 7.15042e+02, 7.79983e-01, 0.00000e+00],
        [2.02912e+02, 2.16040e+02, 4.07576e+02, 3.12334e+02, 5.80785e-01, 2.00000e+00],
        [5.26510e+02, 2.97411e+02, 5.79321e+02, 3.42883e+02, 4.16232e-01, 4.70000e+01],
        [1.10177e+03, 2.65914e+02, 1.28000e+03, 7.16979e+02, 4.03694e-01, 0.00000e+00]])
tensor([[1.73437e+02, 4.13545e+02, 6.77634e+02, 7.15217e+02, 7.85814e-01, 0.00000e+00],
        [2.03111e+02, 2.16409e+02, 4.07550e+02, 3.11864e+02, 5.56078e-01, 2.00000e+00],
        [1.10265e+03, 2.66889e+02, 1.27998e+03, 7.16254e+02, 4.07070e-01, 0.00000e+00],
        [5.26710e+02, 2.97182e+02, 5.79430e+02, 3.42878e+02, 3.82347e-01, 4.70000e+01]])
tensor([[1.59374e+02, 3.99058e+02, 6.49983e+02, 7.16001e+02, 8.77295e-01, 0.00000e+00],
        [1.93961e+02, 2.10331e+02, 3.96980e+02, 3.04998e+02, 4.15932e-01, 2.00000e+00],
        [1.10792e+03, 2.55363e+02, 1.28000e+03, 7.08781e+02, 3.32725e-01, 0.00000e+00]])